 4764  ./philo 200 800 200 200
 8561  ./philo 200 100 200 200
 8562  ./philo 200 100 200 200 > cat
 8576  ./philo 200 100 200 200 > cat
 8578  ./philo 200 100 200 200 > cat
 8582  ./philo 200 100 200 200 > cat
 8598  ./philo 200 100 200 200 
 8599  ./philo 200 410 200 200 5
 8601  ./philo 200 410 200 200 5
 8603  ./philo 200 410 200 200 5
 8605  ./philo 200 410 200 200 5
 8611  ./philo 200 410 200 200 5
 8614  ./philo 200 410 200 200 5
 8615  ./philo 200 410 200 200 5 > cat 
 8617  ./philo 200 410 200 200 5 
 8620  ./philo 200 410 200 200 5 
 8621  ./philo 200 420 200 200 5 
 8623  ./philo 200 420 200 200 5 
 8625  ./philo 200 420 200 200 5 
 8626  ./philo 200 420 200 200 1 
 8628  ./philo 200 420 200 200 1 
 8631  ./philo 200 420 200 200 1 
 8632  ./philo 200 420 200 200 3
 8634  ./philo 200 420 200 200 3
 8636  ./philo 200 420 200 200 3
 8638  ./philo 200 420 200 200 3
 8639  ./philo 200 420 200 200 3 4
 8641  ./philo 200 420 200 200 3 4
 8642  ./philo 200 420 200 200 3 
 8644  ./philo 200 420 200 200 3 
 8647  ./philo 200 420 200 200 3 
 8649  ./philo 200 420 200 200 3 
 8653  ./philo 200 420 200 200 3 
 8655  ./philo 200 420 200 200 3 
 8656  ./philo 200 400 200 200  
 8657  ./philo 200 410 200 200  
 8658  ./philo 200 8000 200 200  
 8672  ./philo 200 410 200 200  
 8675  ./philo 200 410 200 200  
 8677  ./philo 200 410 200 200  
 8681  ./philo 200 410 200 200  
 8685  ./philo 200 410 200 200  
 8686  ./philo 200 420 200 200  
 8693  ./philo 200 420 200 200  
 8700  ./philo 200 420 200 200  
 8826  ./philo 200 400 200 200 
 8827  ./philo 200 410 200 200 
 8829  ./philo 200 410 200 200 
 8832  ./philo 200 410 200 200 
 8834  valgrind --tool=helgrind ./philo 200 350 200 200  
 8835  ./philo 200 410 200 200 
 8837  ./philo 200 410 200 200 
 8839  ./philo 200 410 200 200 
 8841  ./philo 200 410 200 200 
 8843  ./philo 200 410 200 200 
 8845  ./philo 200 410 200 200 
 8851  ./philo 200 410 200 200 
 8854  ./philo 200 410 200 200 
 8856  ./philo 200 410 200 200 
 8858  ./philo 200 410 200 200 
 8859  ./philo 200 410 200 200 > cat
 8861  valgrind --tool=helgrind ./philo 200 350 200 200  
 8862  valgrind --tool=helgrind ./philo 200 400 200 200  
 8864  ./philo 200 410 200 200 > cat
 8865  ./philo 200 410 200 200 
 8866  valgrind --tool=helgrind ./philo 200 400 200 200  
 8954  ./philo 200 800 200 200 
 8963  valgrind --tool=helgrind ./philo 200 410 200 200  
 8966  valgrind --tool=helgrind ./philo 200 410 200 200  
 8999  ./philo 200 410 200 200  7
 9005  ./philo 200 210 200  
 9006  ./philo 200 210 200 200 
 9007  ./philo 200 210 200 200 > cat
 9079  ./philo 200 410 200 200
 9118  ./philo 200 50
 9119  ./philo 200 50 50 50
 9412  ./philo 200 410 200 200
 9413  ./philo 200 810 200 200
 9416  valgrind --tool=helgrind ./philo 200 800 200 200 7
10203  ./philo 200 310 200 100
10205  ./philo 200 310 200 100
10207  ./philo 200 310 200 100
10209  ./philo 200 310 200 100
10214  ./philo 200 310 200 100
10221  ./philo 200 310 200 100
10222  ./philo 200 800 200 100
10230  ./philo 200 800 200 100
10232  ./philo 200 800 200 100
10236  ./philo 200 800 200 100
10238  ./philo 200 800 200 100
10240  ./philo 200 800 200 100
10242  ./philo 200 800 200 100
10244  ./philo 200 800 200 100
10246  ./philo 200 800 200 100
10248  ./philo 200 800 200 100
10250  ./philo 200 800 200 100
10252  ./philo 200 800 200 100
10255  ./philo 200 800 200 100
10257  ./philo 200 800 200 100
10259  ./philo 200 800 200 100
10261  ./philo 200 800 200 100
10263  ./philo 200 800 200 100
10265  ./philo 200 800 200 100
10267  ./philo 200 800 200 100
10268  ./philo 200 310 200 100
10273  ./philo 200 310 200 100
10275  ./philo 200 310 200 100
10280  ./philo 200 310 200 100
10282  ./philo 200 310 200 100
10284  ./philo 200 310 200 100
10311  ./philo 200 310 200 100
10313  ./philo 200 810 200 100
10317  ./philo 200 810 200 100
10320  ./philo 200 810 200 100
10322  ./philo 200 810 200 100
10324  ./philo 200 810 200 100
10325  ./philo 200 810 200 100 > cat
10326  ./philo 200 810 200 100
10328  ./philo 200 810 200 100
10329  ./philo 200 810 200 100 > cat
10334  ./philo 200 810 200 100 > cat
10335  ./philo 200 810 200 100 
10358  ./philo 200 810 200 100 
10372  ./philo 200 810 200 100 
10526  ./philo 200 310 200 100
10528  ./philo 200 310 200 100
10532  ./philo 200 310 200 100
10544  ./philo 200 310 200 100
10546  ./philo 200 310 200 100
10548  ./philo 200 310 200 100
10550  ./philo 200 310 200 100
10552  ./philo 200 310 200 100
10556  ./philo 200 310 200 100
10558  ./philo 200 310 200 100
10560  ./philo 200 310 200 100
10563  ./philo 200 310 200 100
10565  ./philo 200 310 200 100
10567  ./philo 200 310 200 100
10570  ./philo 200 310 200 100
10572  ./philo 200 310 200 100
10575  ./philo 200 310 200 100
10577  ./philo 200 310 200 100
10579  ./philo 200 310 200 100
10581  ./philo 200 310 200 100
10585  ./philo 200 310 200 100
10587  ./philo 200 310 200 100
10589  ./philo 200 310 200 100
10618  ./philo 200 310 200 100
10620  ./philo 200 310 200 100
10622  ./philo 200 310 200 100
10625  ./philo 200 310 200 100
10628  ./philo 200 310 200 100
10635  ./philo 200 310 200 100
10637  ./philo 200 310 200 100
10639  ./philo 200 310 200 100
10641  ./philo 200 310 200 100
10643  ./philo 200 310 200 100
10883  ./philo 200 310 200 100
10917  ./philo 200 410 200 200
10920  ./philo 200 610 200 200
10950  ./philo 200 410 200 200
10954  ./philo 200 410 200 200
11006  ./philo 200 500 300 300
11008  ./philo 200 500 300 300
11009  ./philo 200 410 300 100 ---
11010  ./philo 200 410 200 100
11011  ./philo 200 310 200 100 ---
11012  ./philo 200 810 200 200
11013  ./philo 200 410 200 200
